TEST ACCURACIES - 45 features
97.01 97.38 94.39 92.93 93.37 94.39 94.46 95.34 
98.32 98.32 95.34 95.48 95.34 95.99 94.75 98.18 
98.62 98.83 98.47 97.74 97.01 97.96 94.75 98.98 
98.69 98.69 98.47 98.18 97.96 97.81 94.75 99.13 
94.54 95.43 94.37 92.97 93.85 93.68 95.07 93.13 
94.37 92.43 93.67 92.61 94.03 94.9 94.9 91.55 
92.44 93.5 93.49 93.14 94.56 95.43 92.62 91.56 
92.44 92.26 94.02 92.96 94.03 95.26 91.92 90.33 
68.65 68.53 67.47 67.06 67.73 67.06 68.62 66.88 
70.32 70.05 69.19 68.25 70.07 67.92 68.66 67.99 
71.37 71.07 70.0 70.33 70.23 69.91 68.68 68.47 
72.27 71.8 71.31 71.27 71.54 71.28 68.64 52.39 
86.6 89.17 89.75 90.89 89.46 90.32 87.47 88.33 
87.47 89.18 86.9 88.6 86.61 87.17 89.45 87.77 
86.34 89.46 90.03 92.31 87.76 88.02 86.07 84.34 
86.06 90.6 88.33 90.31 87.19 87.75 84.04 83.2 
94.67 94.67 96.67 96.67 96.67 96.67 94.07 92.67 
92.0 94.67 96.67 96.67 96.67 96.67 95.83 92.67 
94.0 94.67 96.67 96.67 96.67 96.67 94.0 92.0 
90.67 92.0 96.67 96.67 96.67 96.67 94.0 90.67 
24.58 24.42 17.72 23.36 17.67 23.12 25.34 25.31 
37.89 37.95 25.56 35.51 25.06 35.28 30.62 30.8 
49.3 48.26 36.66 50.48 37.24 50.39 30.47 35.21 
51.71 51.47 47.29 58.43 48.11 59.48 29.57 16.44 
65.67 65.98 56.29 60.2 56.56 60.3 65.89 65.31 
82.43 82.3 69.99 77.58 72.4 77.48 83.91 83.53 
88.71 89.29 80.23 83.13 81.9 85.26 74.15 87.21 
91.19 91.73 85.5 87.66 86.44 90.03 68.39 33.28 
85.88 87.4 85.3 84.71 89.21 87.42 86.2 84.06 
90.09 89.48 84.69 85.0 88.29 88.9 87.42 84.71 
88.0 86.78 84.98 87.09 89.79 88.89 88.62 84.44 
88.0 89.19 86.17 85.57 89.78 88.89 87.42 84.41 
73.82 74.09 75.26 74.6 75.39 74.73 73.3 74.99 
75.77 74.47 74.21 74.21 73.04 72.52 74.21 74.87 
73.83 75.64 76.03 76.16 76.81 75.38 74.6 74.35 
72.4 73.32 74.87 76.69 74.48 73.18 74.6 69.55 
99.71 99.8 99.61 99.6 99.64 99.64 99.87 99.64 
99.85 99.91 99.76 99.75 99.8 99.8 99.9 99.72 
99.9 99.93 99.83 99.88 99.89 99.93 99.85 99.74 
99.91 99.92 99.88 99.89 99.92 99.96 99.87 99.74 
69.26 69.86 67.86 69.29 68.9 70.21 67.29 74.52 
73.57 74.05 72.67 66.86 69.81 77.98 76.05 74.12 
75.62 71.21 76.48 70.21 71.26 74.55 76.02 71.71 
71.64 69.74 76.48 71.21 69.81 76.5 66.86 72.1 
88.76 89.02 87.66 86.46 88.13 86.29 90.22 88.65 
90.05 90.02 89.59 89.5 89.48 89.96 91.33 89.24 
91.02 91.4 91.07 91.41 90.35 90.48 91.98 89.13 
92.7 92.31 91.98 91.44 91.04 91.2 91.11 89.13 
94.93 94.44 87.65 92.74 89.34 93.3 93.33 93.82 
92.12 91.08 87.65 92.74 89.34 93.3 93.17 89.9 
92.09 94.41 87.65 92.74 89.34 93.3 93.24 91.08 
92.19 92.16 87.65 92.74 89.34 93.3 92.71 89.77 
55.32 57.08 54.92 50.74 55.12 50.74 56.27 54.04 
56.88 56.4 55.93 56.41 55.53 56.0 57.62 58.15 
54.85 56.67 56.81 56.68 57.21 56.0 56.74 54.72 
55.53 55.93 57.01 56.07 56.81 56.2 56.4 55.19 

TEST ACCURACIES - BEST
97.01 97.38 94.39 93.29 93.37 94.39 94.46 95.34 
99.05 98.98 95.7 96.57 95.34 95.99 94.75 98.18 
99.2 99.27 98.91 98.1 97.01 97.96 94.75 98.98 
99.2 99.27 98.91 98.25 97.96 97.81 94.75 99.13 
95.08 95.43 94.55 94.38 93.85 93.68 95.07 93.13 
94.91 94.2 94.38 93.67 94.03 94.9 94.9 91.55 
94.9 95.08 94.38 94.2 94.56 95.43 92.62 91.56 
95.43 95.08 94.9 94.2 94.03 95.26 91.92 90.33 
68.69 68.53 67.49 67.54 67.73 67.06 68.62 66.88 
70.32 70.05 69.19 68.44 70.07 67.92 68.66 67.99 
71.69 71.23 70.0 70.33 70.23 69.91 68.68 68.47 
72.33 71.83 71.31 71.27 71.54 71.28 68.64 52.39 
90.03 91.75 90.32 90.89 89.46 90.32 87.47 88.33 
90.03 91.75 90.32 90.89 86.61 87.17 89.45 87.77 
90.31 91.75 90.89 92.31 87.76 88.02 86.07 84.34 
90.32 92.02 90.32 92.31 87.19 87.75 84.04 83.2 
96.0 96.0 96.67 96.67 96.67 96.67 94.07 92.67 
94.67 95.33 96.67 96.67 96.67 96.67 95.83 92.67 
94.67 94.67 96.67 96.67 96.67 96.67 94.0 92.0 
94.67 94.67 96.67 96.67 96.67 96.67 94.0 90.67 
24.58 24.44 17.76 23.36 17.67 23.12 25.34 25.31 
38.21 38.2 25.58 35.51 25.06 35.28 30.62 30.8 
52.17 53.26 36.7 50.55 37.24 50.39 30.47 35.21 
58.5 60.55 47.29 58.43 48.11 59.48 29.57 16.44 
65.68 66.05 56.3 60.8 56.56 60.3 65.89 65.31 
82.43 82.33 70.24 77.58 72.4 77.48 83.91 83.53 
88.71 89.29 80.23 83.52 81.9 85.26 74.15 87.21 
92.02 92.68 85.5 88.2 86.44 90.03 68.39 33.28 
88.31 89.5 87.99 86.51 89.21 87.42 86.2 84.06 
90.4 90.4 88.31 89.21 88.29 88.9 87.42 84.71 
90.7 91.59 88.31 88.61 89.79 88.89 88.62 84.44 
90.7 91.01 88.31 88.61 89.78 88.89 87.42 84.41 
75.26 75.52 75.26 74.6 75.39 74.73 73.3 74.99 
76.17 75.65 75.51 75.65 73.04 72.52 74.21 74.87 
76.68 75.91 76.69 76.42 76.81 75.38 74.6 74.35 
75.52 75.91 75.91 76.82 74.48 73.18 74.6 69.55 
99.71 99.8 99.61 99.6 99.64 99.64 99.87 99.64 
99.85 99.91 99.77 99.78 99.8 99.8 99.9 99.72 
99.9 99.93 99.84 99.88 99.89 99.93 99.85 99.74 
99.91 99.92 99.89 99.89 99.92 99.96 99.87 99.74 
76.02 72.71 72.67 73.71 68.9 70.21 67.29 74.52 
77.95 78.88 77.02 75.12 69.81 77.98 76.05 74.12 
75.62 76.48 77.48 76.1 71.26 74.55 76.02 71.71 
77.93 76.1 78.0 75.62 69.81 76.5 66.86 72.1 
88.83 89.02 87.89 86.83 88.13 86.29 90.22 88.65 
90.65 90.28 89.72 89.76 89.48 89.96 91.33 89.24 
91.37 91.57 91.33 91.57 90.35 90.48 91.98 89.13 
92.7 92.35 92.13 91.55 91.04 91.2 91.11 89.13 
95.52 96.11 89.31 93.3 89.34 93.3 93.33 93.82 
95.55 95.56 89.38 92.74 89.34 93.3 93.17 89.9 
94.96 96.08 89.38 92.74 89.34 93.3 93.24 91.08 
95.55 96.08 89.38 92.74 89.34 93.3 92.71 89.77 
55.79 57.08 55.39 50.74 55.12 50.74 56.27 54.04 
58.76 58.56 57.21 56.74 55.53 56.0 57.62 58.15 
58.42 58.02 57.88 58.16 57.21 56.0 56.74 54.72 
58.83 57.82 58.09 57.89 56.81 56.2 56.4 55.19 

TRAIN ACCURACIES - EQUAL FREQUENCY
28.0 96.66 98.1
210.0 97.46 98.05
70.0 70.41 72.37
205.8 93.45 94.37
27.7 96.67 97.78
87.5 28.97 29.04
94.0 65.41 66.46
28.0 89.52 91.59
49.9 79.25 79.44
51.0 99.67 99.84
420.0 90.97 91.56
73.9 88.83 90.47
91.0 98.69 99.38
39.0 55.91 58.12

TRAIN ACCURACIES - MDLP
12.5 95.66 95.64
58.3 97.95 97.95
307.1 72.16 72.18
99.9 94.24 94.24
6.777777777777778 96.38 96.38
135.9 29.04 29.04
146.6 66.47 66.48
10.6 90.46 90.39
8.8 78.63 78.62
183.0 99.9 99.9
20.2 87.13 87.07
97.0 90.47 90.47
21.8 98.94 98.88
11.3 57.55 57.59
